MAE: 0.004058804363012314
RMSE: 0.0057388111017644405
